F 1811.280797 1851.341796 3.730403
E -0.597348 79.428793 63.350965 0.100053
W C 1291.0 1881.0 383.0 1458.0 482.0 682.0 1191.0 747.0 1693.0 1043.0 1805.0 190.0
F 1807.814528 1844.901074 3.730406
E -0.617503 69.546253 49.990165 0.081387
W C 1291.0 1881.0 383.0 1458.0 482.0 682.0 1191.0 747.0 1693.0 1043.0 1805.0 190.0
F 1806.397484 1842.333896 3.730251
E -0.625901 62.731790 42.573275 0.071041
W C 1291.0 1881.0 383.0 1458.0 482.0 682.0 1191.0 747.0 1693.0 1043.0 1805.0 190.0
F 1805.516358 1840.379212 3.729872
E -0.630575 57.615633 37.700938 0.064048
W C 1291.0 1881.0 383.0 1458.0 482.0 682.0 1191.0 747.0 1693.0 1043.0 1805.0 190.0
F 1805.100461 1839.003670 3.729464
E -0.633677 53.581732 34.188370 0.058858
W C 1291.0 1881.0 383.0 1458.0 482.0 682.0 1191.0 747.0 1693.0 1043.0 1805.0 190.0
F 1804.621754 1838.074180 3.729266
E -0.635915 50.292181 31.502788 0.054789
W C 1291.0 1881.0 383.0 1458.0 482.0 682.0 1191.0 747.0 1693.0 1043.0 1805.0 190.0
F 1804.319133 1837.478512 3.729140
E -0.637613 47.542427 29.363409 0.051480
W C 1291.0 1881.0 383.0 1458.0 482.0 682.0 1191.0 747.0 1693.0 1043.0 1805.0 190.0
F 1804.102869 1837.085289 3.729068
E -0.638940 45.199347 27.607385 0.048716
W C 1291.0 1881.0 383.0 1458.0 482.0 682.0 1191.0 747.0 1693.0 1043.0 1805.0 190.0
F 1803.955191 1836.788710 3.729006
E -0.640004 43.171689 26.132521 0.046360
W C 1291.0 1881.0 383.0 1458.0 482.0 682.0 1191.0 747.0 1693.0 1043.0 1805.0 190.0
F 1803.872805 1836.446298 3.728830
E -0.640882 41.394430 24.871069 0.044320
W C 1291.0 1881.0 383.0 1458.0 482.0 682.0 1191.0 747.0 1693.0 1043.0 1805.0 190.0
F 1803.769111 1836.291052 3.728817
E -0.641627 39.819873 23.776124 0.042530
W C 1291.0 1881.0 383.0 1458.0 482.0 682.0 1191.0 747.0 1693.0 1043.0 1805.0 190.0
F 1803.745821 1836.097493 3.728740
E -0.642257 38.412306 22.814017 0.040942
W C 1291.0 1881.0 383.0 1458.0 482.0 682.0 1191.0 747.0 1693.0 1043.0 1805.0 190.0
F 1803.822665 1835.936285 3.728630
E -0.642813 37.144191 21.959939 0.039521
W C 1291.0 1881.0 383.0 1458.0 482.0 682.0 1191.0 747.0 1693.0 1043.0 1805.0 190.0
F 1784.641428 1823.114170 3.728592
E -0.620028 35.430657 21.966271 0.038222
W C 1291.0 1881.0 383.0 1458.0 482.0 682.0 1191.0 747.0 1693.0 1043.0 1805.0 190.0
F 1751.121620 1800.686378 3.728062
E -0.547502 33.533436 23.899740 0.037007
W C 1291.0 1881.0 383.0 1458.0 482.0 682.0 1191.0 747.0 1693.0 1043.0 1805.0 190.0
F 1718.136848 1778.372908 -2.549613
E -0.481768 31.968212 23.232509 0.086980
W C 1291.0 1881.0 383.0 1458.0 482.0 682.0 1191.0 747.0 1693.0 1043.0 1805.0 190.0
F 1685.043183 1756.636784 -2.552597
E -0.365203 30.910061 24.484459 0.070385
W C 1291.0 1881.0 383.0 1458.0 482.0 682.0 1191.0 747.0 1693.0 1043.0
F 1686.607071 1758.498384 -2.553054
E -0.427451 29.950234 23.474537 0.061289
W C 1291.0 1881.0 383.0 1458.0 482.0 682.0 1191.0 747.0 1693.0 1043.0
F 1650.717199 1735.534976 -2.554402
E -0.253087 29.159685 24.512644 0.054960
W C 1291.0 1881.0 383.0 1458.0 482.0 682.0 1191.0 747.0 1693.0 1043.0
F 1615.731965 1712.964274 -2.555546
E -0.223427 28.172778 23.637878 0.092454
W C 1291.0 1881.0 383.0 1458.0 482.0 682.0 1191.0 747.0 1693.0 1043.0
F 1581.983278 1691.042055 -2.556738
E -0.262176 27.109964 22.524943 0.095393
W C 1291.0 1881.0 383.0 1458.0 482.0 682.0 1191.0 747.0 1693.0 1043.0
F 1548.488048 1669.055100 -2.557655
E -0.314682 26.090935 21.545405 0.095563
W C 1291.0 1881.0 383.0 1458.0 482.0 682.0 1191.0 747.0 1693.0 1043.0
F 1550.242250 1670.672051 -2.559311
E -0.447725 25.014768 20.608554 0.074155
W C 1291.0 1881.0 383.0 1458.0 482.0 682.0 1191.0 747.0 1693.0 1043.0
F 1514.125338 1647.241748 -2.560409
E -0.421064 24.336170 19.980883 0.093816
W C 1291.0 1881.0 383.0 1458.0 482.0 682.0 1191.0 747.0 1693.0 1043.0
F 1478.721985 1622.818294 -2.545535
E -0.445312 23.842382 19.377404 0.099813
W C 383.0 1458.0 482.0 682.0 1191.0 747.0 1693.0 1043.0
F 1477.721719 1622.601088 -2.552527
E -0.533399 23.185087 18.780540 0.078253
W C 383.0 1458.0 482.0 682.0 1191.0 747.0 1693.0 1043.0
F 1440.644913 1597.271012 -2.554018
E -0.480504 22.709540 18.657616 0.091685
W C 383.0 1458.0 482.0 682.0 1191.0 747.0 1805.0 190.0 1693.0 1043.0
F 1404.511381 1572.707076 -2.557342
E -0.489364 21.965152 18.362141 0.089003
W C 1291.0 1881.0 383.0 1458.0 482.0 682.0 1191.0 747.0 1805.0 190.0 1693.0 1043.0
F 1369.473444 1548.534048 -2.557277
E -0.532060 21.276742 17.999958 0.088634
W C 1291.0 1881.0 383.0 1458.0 482.0 682.0 1191.0 747.0 1805.0 190.0 1693.0 1043.0
F 1333.100864 1523.639903 -2.550201
E -0.586363 20.864790 17.709199 0.091833
W C 383.0 1458.0 482.0 682.0 1191.0 747.0 1805.0 190.0 1693.0 1043.0
F 1297.992755 1499.304152 -2.539455
E -0.621722 20.507695 17.545306 0.092211
W C 383.0 1458.0 482.0 682.0 1191.0 747.0 1805.0 190.0 1693.0 1043.0
F 1297.800948 1499.420075 -2.544094
E -0.712216 19.912666 16.912610 0.071146
W C 383.0 1458.0 482.0 682.0 1191.0 747.0 1805.0 190.0 1693.0 1043.0
F 1259.714231 1474.193045 -2.553728
E -0.630841 19.624408 17.201853 0.090731
W C 383.0 1458.0 482.0 682.0 1191.0 747.0 1805.0 190.0 1693.0 1043.0
F 1224.025926 1449.806907 -2.544905
E -0.630049 19.385580 17.087361 0.092187
W C 383.0 1458.0 482.0 682.0 1191.0 747.0 1805.0 190.0 1693.0 1043.0
F 1187.662881 1425.399660 -2.544622
E 0.560953 20.532867 19.102299 0.070504
W C 383.0 1458.0 482.0 682.0 1191.0 747.0 1805.0 190.0 1693.0 1043.0
F 1187.610555 1425.934591 -2.547972
E 0.654891 19.912431 18.548652 0.059588
W C 383.0 1458.0 482.0 682.0 1191.0 747.0 1805.0 190.0 1693.0 1043.0
F 1150.802357 1401.713446 -2.551731
E 0.739951 23.077281 18.483313 0.053494
W C 383.0 1458.0 482.0 682.0 1191.0 747.0 1805.0 190.0
F 1114.185535 1377.705463 -2.555575
E 0.742113 23.421046 18.409085 0.095776
W C 383.0 1458.0 482.0 682.0 1191.0 747.0 1805.0 190.0
F 1078.413716 1354.405543 -2.556257
E 0.749110 23.062339 18.389026 0.099857
W C 383.0 1458.0 482.0 682.0 1191.0 747.0 1805.0 190.0
F 1042.244212 1331.577985 -2.560394
E 0.758714 25.184552 18.427357 0.076936
W C 383.0 1458.0 482.0 682.0 1191.0 747.0 1805.0 190.0
F 1043.136231 1332.715229 -2.562732
E 0.781717 24.351186 17.813009 0.065161
W C 383.0 1458.0 482.0 682.0 1191.0 747.0 1805.0 190.0
F 1007.598137 1310.303801 -2.564286
E 0.775193 26.438142 17.820574 0.057337
W C 383.0 1458.0 482.0 682.0 1191.0 747.0 1805.0 190.0
F 972.706741 1288.260405 -2.560781
E 0.776835 26.173018 17.829418 0.096117
W C 383.0 1458.0 482.0 682.0 1191.0 747.0 1805.0 190.0
F 938.126278 1266.674274 -2.561264
E 0.784284 25.446206 17.883997 0.100087
W C 383.0 1458.0 482.0 682.0 1191.0 747.0 1805.0 190.0
F 939.656191 1268.632618 -2.564335
E 2.390065 17.318723 24.322028 0.077996
W C 383.0 1458.0 482.0 682.0 1191.0 747.0 1805.0 190.0
F 903.068733 1245.948340 -2.569174
E 2.364955 17.346825 24.023372 0.098466
W C 383.0 1458.0 482.0 682.0 1191.0 747.0 1805.0 190.0
F 867.570072 1224.029787 -2.569314
E 2.365013 17.461417 23.424122 0.100583
W C 383.0 1458.0 482.0 682.0 1191.0 747.0 1805.0 190.0
F 833.186306 1203.091951 -2.568536
E 0.782925 25.246599 17.646557 0.077552
W C 383.0 1458.0 482.0 682.0 1191.0 747.0 1805.0 190.0
F 798.991806 1183.233636 -2.571178
E 0.773574 26.994171 17.990839 0.067384
W C 383.0 1458.0 482.0 682.0 1191.0 747.0
F 799.280371 1184.834196 -2.575499
E 0.779087 25.832636 17.310536 0.060495
W C 383.0 1458.0 482.0 682.0 1191.0 747.0
F 763.125095 1163.640657 -2.580572
E 0.765214 25.673533 17.596979 0.105097
W C 383.0 1458.0 482.0 682.0 1191.0 747.0
F 726.600408 1142.381668 -2.587273
E 0.761876 24.913819 17.944636 0.111307
W C 383.0 1458.0 482.0 682.0 1191.0 747.0
F 691.794769 1122.250667 -2.584640
E 0.776493 24.122636 18.295524 0.112303
W C 383.0 1458.0 482.0 682.0 1191.0 747.0
F 691.348850 1123.649435 -2.596646
E 2.396276 17.618839 23.530741 0.095029
W C 383.0 1458.0 482.0 682.0
F 652.093425 1101.573656 -2.612759
E 0.743978 23.868102 18.090302 0.123490
W C 383.0 1458.0 482.0 682.0
F 614.083785 1080.458873 -2.620444
E 0.706651 23.433925 18.649111 0.128593
W C 383.0 1458.0 482.0 682.0
F 576.592094 1059.425188 -2.623585
E 0.720887 22.775351 19.213509 0.128872
W C 383.0 1458.0 482.0 682.0
F 577.075783 1060.110173 -2.625218
E 2.490570 18.162931 21.883697 0.103837
W C 383.0 1458.0 482.0 682.0
F 539.219660 1038.839644 -2.624856
E 2.455717 18.703154 21.727941 0.123826
W C 383.0 1458.0 482.0 682.0
F 501.065802 1017.533902 -2.627882
E 2.596360 19.208955 21.249280 0.127102
W C 383.0 1458.0 482.0 682.0
F 465.102617 995.939706 -2.608213
E 2.978558 19.380422 21.176345 0.127666
W C 383.0 1458.0 482.0 682.0
F 426.049105 971.563213 -2.563236
E -3.056476 19.165213 21.888613 0.132317
W C 383.0 1458.0 482.0 682.0
F 425.972271 972.799853 -2.577418
E -3.066403 17.321253 21.618656 0.105048
W C 383.0 1458.0 482.0 682.0
F 392.994077 944.799463 -2.463220
E -2.995664 18.062472 22.352903 0.141446
W C 482.0 682.0
F 362.633089 912.866062 -2.357017
E -2.898416 17.286296 23.536361 0.129024
W C 482.0 682.0 1805.0 190.0
F 335.756720 878.590304 -2.257300
E -2.832019 16.904809 24.786860 0.127637
W C 482.0 682.0 1805.0 190.0
F 312.266542 841.993361 -2.158667
E -2.753918 16.667882 25.974277 0.128459
W C 482.0 682.0 1805.0 190.0
F 312.178344 842.229910 -2.162454
E -2.749388 15.063585 25.556188 0.103163
W C 482.0 682.0 1805.0 190.0
F 291.902667 803.720004 -2.065235
E -2.697759 15.848251 26.456756 0.126962
W C 482.0 682.0 1805.0 190.0
F 277.997666 763.697344 -1.936988
E -2.553944 17.002520 27.745823 0.154657
W C 482.0 682.0
F 269.658198 722.854368 -1.811013
E -2.388869 17.539282 30.074830 0.165969
W C 482.0 682.0
F 264.375715 679.082417 -1.710212
E -0.665396 33.278590 17.982649 0.176078
W C 482.0 682.0
F 264.375715 679.082417 -1.710212
E -0.665396 33.278590 17.982649 0.176078
W C
F 267.403275 633.386978 -1.532335
E -0.560779 37.667085 26.269209 0.277265
W C
F 279.027225 590.123363 -1.340947
E -0.155148 43.752811 35.084102 0.354519
W C
F 301.003323 557.905273 -1.095017
E -0.350577 46.267213 29.551312 0.214735
W C 1693.0 1043.0
F 303.729647 564.849091 -1.034465
E -0.429027 45.197568 25.801878 0.163621
W C 1693.0 1043.0
F 326.407609 535.337981 -0.880814
E -0.410469 46.678476 26.853687 0.176002
W C 1693.0 1043.0
F 357.549202 514.165728 -0.689675
E -0.363952 47.213949 26.487027 0.147371
W C 1693.0 1043.0 1291.0 1881.0
F 389.060158 490.921119 -0.573676
E -0.349853 47.639291 27.655783 0.170741
W C 1693.0 1043.0
F 385.252079 491.535716 -0.571515
E -0.340612 46.673730 26.586511 0.140843
W C 1693.0 1043.0
F 419.999309 476.279409 -0.420155
E -0.335589 46.872932 27.600525 0.169417
W C 1693.0 1043.0
F 456.259455 462.628014 -0.316635
E -0.321389 46.582090 28.673512 0.173011
W C 1693.0 1043.0
F 496.008146 454.563997 -0.182367
E -0.302383 46.275660 29.849052 0.177988
W C 1693.0 1043.0
F 535.921135 450.512315 -0.067977
E -0.284182 45.774354 30.949639 0.177172
W C 1693.0 1043.0
F 532.788369 450.496523 -0.064282
E -0.265460 44.403317 30.311384 0.143933
W C 1693.0 1043.0
F 571.024748 455.544319 0.091604
E -0.254588 44.399620 30.945312 0.169806
W C 1693.0 1043.0
F 611.542005 462.757222 0.200167
E -0.247121 44.024876 31.755472 0.176457
W C 1693.0 1043.0
F 648.877117 476.368435 0.333188
E -0.246907 43.485379 32.525723 0.177208
W C 1693.0 1043.0
F 645.252329 477.865927 0.359338
E -0.252012 41.957938 32.259905 0.144284
W C 1693.0 1043.0
F 681.330762 496.399494 0.421806
E -0.255913 41.771982 32.458733 0.157431
W C 1693.0 1043.0
F 714.441644 518.173125 0.481906
E -0.275798 41.443127 32.683809 0.160624
W C 1693.0 1043.0
F 746.918369 540.938845 0.524636
E -0.300995 41.063302 32.956386 0.161437
W C 1693.0 1043.0
F 779.519316 565.324419 0.553311
E -0.247662 41.043119 34.103739 0.133713
W C 1693.0 1043.0
F 776.252305 566.427955 0.568723
E -0.240920 39.727284 33.737890 0.117186
W C 1693.0 1043.0
F 810.691624 591.315856 0.589390
E -0.213860 39.599961 34.105341 0.147851
W C 1693.0 1043.0
F 845.151099 616.565282 0.599221
E -0.094088 39.840001 35.035513 0.125865
W C 1693.0 1043.0
F 879.306445 641.642479 0.604582
E 0.067289 40.248932 35.855694 0.110835
W C 1693.0 1043.0
F 914.972149 671.833001 0.609847
E 0.104928 38.896593 35.573566 0.124939
W C 1693.0 1043.0 1291.0 1881.0
F 916.098247 677.294598 0.607754
E 0.058483 37.366746 34.814888 0.102324
W C 1693.0 1043.0 1291.0 1881.0
F 953.372092 707.625444 0.606755
E 0.100739 36.760459 34.069913 0.124820
W C 1693.0 1043.0 1291.0 1881.0
F 989.474095 737.116842 0.607216
E 0.307898 37.090014 33.642782 0.101757
W C 1693.0 1043.0 1291.0 1881.0
F 1024.736434 765.813333 0.608940
E 0.444901 37.720412 33.076910 0.087858
W C 1693.0 1043.0 1291.0 1881.0
F 1025.458680 770.103566 0.606228
E 0.427593 36.570749 32.327711 0.078977
W C 1693.0 1043.0 1291.0 1881.0
F 1061.699792 798.698614 0.604619
E 0.513366 37.391307 31.652214 0.072204
W C 1693.0 1043.0 1291.0 1881.0
F 1098.400855 827.238571 0.602657
E 0.560148 38.167113 30.932443 0.066799
W C 1693.0 1043.0 1291.0 1881.0
F 1134.163018 854.770026 0.600778
E 0.585122 38.801590 30.177979 0.062346
W C 1693.0 1043.0 1291.0 1881.0
F 1168.575533 880.930976 0.599776
E 0.598992 39.350404 29.401419 0.058581
W C 1693.0 1043.0 1291.0 1881.0
F 1168.455525 883.642374 0.597651
E 0.576914 38.025489 28.574969 0.055645
W C 1693.0 1043.0 1291.0 1881.0
F 1205.641782 911.221351 0.596991
E 0.568929 37.640281 27.755776 0.115640
W C 1693.0 1043.0 1291.0 1881.0
F 1245.417964 940.532427 0.621016
E 0.550399 36.946135 26.945550 0.132863
W C 1693.0 1043.0 1291.0 1881.0
F 1284.576979 972.615759 0.678893
E 0.537783 36.257750 26.227455 0.143579
W C 1693.0 1043.0 1291.0 1881.0
F 1283.400341 973.704269 0.667148
E 0.535775 34.512432 25.714784 0.112968
W C 1693.0 1043.0 1291.0 1881.0
F 1314.190980 1009.869772 0.808731
E 0.511037 34.468858 24.705766 0.145851
W C 1693.0 1043.0 1291.0 1881.0
F 1337.240038 1046.164589 0.935630
E 0.481625 33.744586 24.099388 0.145893
W C 1693.0 1043.0 1291.0 1881.0
F 1359.261570 1083.766447 0.998723
E 0.449741 33.007284 23.720418 0.146017
W C 1693.0 1043.0 1291.0 1881.0
F 1354.325085 1084.202397 1.019048
E 0.407914 31.101466 23.334478 0.116050
W C 1693.0 1043.0 1291.0 1881.0
F 1367.135172 1123.003103 1.145200
E 0.415517 31.007181 22.893916 0.143845
W C 1693.0 1043.0 1291.0 1881.0
F 1375.977000 1163.295291 1.243569
E 0.384131 30.540786 22.641707 0.147637
W C 1693.0 1043.0 1291.0 1881.0
F 1383.247930 1207.288203 1.300018
E 0.348817 30.049055 22.676135 0.150522
W C 1693.0 1043.0 1291.0 1881.0
F 1382.415014 1246.793903 1.418613
E 0.309531 29.364948 22.835291 0.152563
W C 1693.0 1043.0 1291.0 1881.0
F 1374.249473 1244.867075 1.452778
E 0.185078 27.634828 22.093234 0.120268
W C 1693.0 1043.0 1291.0 1881.0
F 1365.808944 1279.394445 1.676793
E 0.183091 27.483424 23.314695 0.166074
W C 1291.0 1881.0
F 1353.273236 1315.692768 1.851803
E 0.070985 27.461365 24.005597 0.175509
W C 1291.0 1881.0
F 1333.595819 1347.229758 2.048138
E -0.097889 27.699098 24.524116 0.179642
W C 1291.0 1881.0
F 1331.358253 1345.294749 2.078819
E -0.166903 27.625183 22.600226 0.146794
W C 1291.0 1881.0
F 1304.435026 1373.388165 2.281529
E -0.414694 28.409484 23.901326 0.183550
W C 1291.0 1881.0
F 1273.629438 1398.791648 2.447816
E -0.548068 29.445432 24.589586 0.194553
W C 1291.0 1881.0
F 1240.006484 1420.222616 2.595447
E -0.644353 30.613479 25.329142 0.201036
W C 1291.0 1881.0
F 1202.687196 1444.256794 2.651208
E -2.392106 26.104227 31.678170 0.197892
W C 1291.0 1881.0
F 1203.606060 1436.916470 2.722945
E -0.655160 30.470551 25.445992 0.168095
W C 1291.0 1881.0
F 1164.432176 1445.315813 2.813497
E -2.495520 25.844126 32.531040 0.183389
W C 1291.0 1881.0
F 1124.892109 1450.645751 2.897021
E -2.651712 26.084180 35.228101 0.191426
W C 1291.0 1881.0
F 1087.830635 1440.746505 2.999150
E -2.873111 27.056860 33.867271 0.145774
W C 482.0 682.0
F 1088.722957 1433.076986 3.031143
E -2.997283 26.673754 30.833099 0.122473
W C 482.0 682.0
F 1044.953482 1431.118922 3.067473
E 3.139429 27.160321 31.701065 0.147160
W C 482.0 682.0
F 1000.790036 1429.543336 3.093521
E 3.058453 27.155464 32.549989 0.154268
W C 482.0 682.0
F 956.453164 1427.596851 3.111532
E 3.016403 27.038101 33.337605 0.156535
W C 482.0 682.0
F 955.053011 1425.861019 3.108334
E 2.913365 25.883364 32.418362 0.130571
W C 482.0 682.0
F 909.799368 1425.103492 3.111017
E 2.824937 27.182068 33.275388 0.113985
W C 482.0 682.0
F 864.058100 1424.371648 3.114625
E 2.810171 27.726495 33.926781 0.144501
W C 482.0 682.0
F 818.093094 1424.167698 3.109608
E 2.826195 27.808297 34.534967 0.153946
W C 482.0 682.0
F 773.439505 1422.704051 3.123631
E 2.843494 27.696697 35.183559 0.156882
W C 482.0 682.0
F 728.898040 1420.997662 3.133120
E 2.855444 27.533304 35.883162 0.157840
W C 482.0 682.0
F 727.115291 1420.513935 3.120296
E 2.797635 26.210091 35.121569 0.131761
W C 482.0 682.0
F 681.424797 1419.938123 3.120822
E 2.733746 27.357761 36.153949 0.115459
W C 482.0 682.0
F 635.945564 1419.695708 3.119988
E 2.667410 28.328996 37.457422 0.104143
W C 482.0 682.0
F 590.876399 1418.649009 3.124840
E 2.608956 29.163492 38.979267 0.095801
W C 482.0 682.0
F 590.086665 1417.808928 3.123747
E 2.567777 28.396371 38.263248 0.089437
W C 482.0 682.0
F 543.616591 1418.033671 3.122489
E 2.571879 28.966504 39.194147 0.139260
W C 482.0 682.0
F 492.227640 1414.567382 -3.066632
E 2.585964 29.556139 40.199688 0.173487
W C 482.0 682.0
F 440.184342 1404.232931 -2.931189
E 2.603322 29.747728 41.390433 0.193343
W C 482.0 682.0
F 398.718493 1391.594298 -2.822498
E 2.642553 29.315698 41.927577 0.187259
W C 482.0 682.0
F 399.839788 1389.975183 -2.807948
E 2.659102 27.715512 41.156078 0.149257
W C 482.0 682.0
F 369.441756 1368.796782 -2.599286
E 2.652405 28.142762 41.818528 0.181795
W C 482.0 682.0
F 343.305489 1343.422339 -2.413810
E 2.691041 28.072437 42.149500 0.183408
W C 482.0 682.0
F 324.951211 1313.410464 -2.194539
E 2.743359 27.997584 42.396420 0.184009
W C 482.0 682.0
F 326.908700 1312.801988 -2.175138
E 2.772721 26.958337 41.315138 0.146844
W C 482.0 682.0
F 315.831753 1278.328260 -1.951055
E 2.802129 26.940950 41.924618 0.180772
W C 482.0 682.0
F 309.833134 1242.581052 -1.766337
E 2.857125 27.040074 41.674198 0.182524
W C 482.0 682.0
F 309.335921 1206.264917 -1.595761
E 2.920031 27.205727 41.201316 0.182580
W C 482.0 682.0
F 317.845519 1174.820603 -1.386452
E 2.984122 27.344819 40.562927 0.181763
W C 482.0 682.0
F 321.685490 1182.422134 -1.334752
E 3.000507 26.793239 38.478424 0.127710
W C 482.0 682.0 1291.0 1881.0
F 341.163817 1160.144300 -1.082509
E 3.074835 26.463129 37.918412 0.145756
W C 482.0 682.0 1291.0 1881.0
F 365.037506 1132.827794 -0.942641
E 3.140479 26.435473 36.993674 0.148397
W C 482.0 682.0 1291.0 1881.0
F 393.437687 1106.779784 -0.859935
E -3.115524 25.601713 36.028425 0.135309
W C 482.0 682.0 1291.0 1881.0
F 396.348203 1116.980470 -0.793236
E -3.114715 25.032513 34.674684 0.108676
W C 482.0 682.0 1291.0 1881.0
F 428.703344 1094.943977 -0.733416
E -3.057339 24.420697 34.298912 0.127161
W C 482.0 682.0 1291.0 1881.0
F 463.864415 1072.929433 -0.694017
E -3.010408 24.210997 33.613355 0.095505
W C 482.0 682.0 1693.0 1043.0 1291.0 1881.0
F 498.854075 1049.915495 -0.676892
E -2.955784 24.243083 33.109357 0.079589
W C 482.0 682.0 1693.0 1043.0 1291.0 1881.0
F 532.519258 1027.173733 -0.668137
E -2.915764 24.222235 32.594345 0.069600
W C 482.0 682.0 1693.0 1043.0 1291.0 1881.0
F 535.382778 1028.814389 -0.661155
E -2.937476 23.228147 31.390454 0.062843
W C 482.0 682.0 1693.0 1043.0 1291.0 1881.0
F 571.164807 1003.692236 -0.657639
E -2.896544 23.430323 30.918938 0.057702
W C 482.0 682.0 1693.0 1043.0 1291.0 1881.0
F 607.641703 977.988143 -0.654871
E -2.871657 23.643528 30.313185 0.053647
W C 482.0 682.0 1693.0 1043.0 1291.0 1881.0
F 642.775717 953.180266 -0.653237
E -2.856722 23.916615 29.577810 0.050368
W C 482.0 682.0 1693.0 1043.0 1291.0 1881.0
F 675.341651 930.574635 -0.652594
E -2.835308 24.319483 28.806017 0.047652
W C 482.0 682.0 1693.0 1043.0 1291.0 1881.0
F 677.415683 930.498712 -0.651324
E -2.923090 23.466976 27.345598 0.045347
W C 482.0 682.0 1693.0 1043.0 1291.0 1881.0
F 716.343896 904.687895 -0.610059
E -2.865510 23.581343 27.247274 0.114727
W C 482.0 682.0 1693.0 1043.0 1291.0 1881.0
F 755.782336 877.267675 -0.574127
E -2.856215 23.642273 28.023180 0.142095
W C 482.0 682.0 1693.0 1043.0
F 795.739330 852.269994 -0.513722
E -2.976707 23.747981 28.504722 0.159950
W C 1693.0 1043.0
F 794.688509 851.993189 -0.512986
E -3.108148 23.371485 27.012388 0.132550
W C 1693.0 1043.0
F 834.936448 833.028515 -0.426544
E -3.090300 23.849196 27.756435 0.157467
W C 1693.0 1043.0
F 877.198804 815.442014 -0.356045
E 3.123953 24.224223 28.402507 0.163466
W C 1693.0 1043.0
F 919.332355 802.609907 -0.269406
E 3.034902 24.551092 28.986657 0.164324
W C 1693.0 1043.0
F 917.875708 802.435743 -0.264515
E 2.860400 23.605845 28.006923 0.134745
W C 1693.0 1043.0
F 961.549755 800.180432 -0.142615
E 2.794652 23.547339 28.069516 0.133839
W C 1693.0 1043.0 1291.0 1881.0
F 1011.666641 800.472508 -0.023655
E 2.693388 23.726659 28.378772 0.141698
W C 1693.0 1043.0 1291.0 1881.0
F 1062.797725 804.460091 0.070041
E 2.650149 23.566367 28.574490 0.142109
W C 1693.0 1043.0 1291.0 1881.0
F 1105.297692 814.599790 0.188905
E 2.641645 23.212734 28.484223 0.137344
W C 1693.0 1043.0 1291.0 1881.0
F 1103.302623 818.148003 0.207136
E 2.660626 21.877648 27.930768 0.107281
W C 1693.0 1043.0 1291.0 1881.0
F 1141.194623 834.953808 0.338008
E 2.578976 22.233520 27.800098 0.131301
W C 1693.0 1043.0 1291.0 1881.0
F 1178.340817 855.473772 0.448426
E 2.553866 22.150852 27.672432 0.134379
W C 1693.0 1043.0 1291.0 1881.0
F 1217.988308 878.837292 0.524631
E 2.540040 22.030688 27.618628 0.136800
W C 1693.0 1043.0 1291.0 1881.0
F 1249.065726 904.816837 0.609918
E 2.528013 21.895376 27.061385 0.129300
W C 1693.0 1043.0 1291.0 1881.0
F 1244.118750 907.969941 0.645074
E 2.596275 20.888803 26.312901 0.103707
W C 1693.0 1043.0 1291.0 1881.0
F 1274.793472 938.608893 0.673789
E 2.456057 20.979395 28.131821 0.088302
W C 1693.0 1043.0 1291.0 1881.0
F 1304.076184 970.671074 0.700793
E 2.386280 20.928622 29.851416 0.077703
W C 1693.0 1043.0 1291.0 1881.0
F 1332.080325 1001.682932 0.719999
E 0.768604 31.203758 20.827690 0.069876
W C 1693.0 1043.0 1291.0 1881.0
F 1329.145596 1005.888160 0.733033
E 0.752605 30.160319 20.001731 0.064348
W C 1693.0 1043.0 1291.0 1881.0
F 1358.172542 1037.422164 0.756900
E 0.703857 30.276444 19.864329 0.117767
W C 1693.0 1043.0 1291.0 1881.0
F 1387.684383 1068.619566 0.760496
E 0.660780 31.137267 19.863260 0.097495
W C 1693.0 1043.0 1291.0 1881.0
F 1416.716673 1098.218700 0.759058
E 0.618024 31.654591 19.992600 0.084950
W C 1693.0 1043.0 1291.0 1881.0
F 1442.735037 1123.600736 0.755400
E 0.568283 31.633832 20.228997 0.076390
W C 1693.0 1043.0 1291.0 1881.0
F 1441.257579 1124.003542 0.752096
E 0.537173 29.687213 19.293037 0.070140
W C 1693.0 1043.0 1291.0 1881.0
F 1472.099834 1153.690701 0.746223
E 0.503209 29.786367 19.699938 0.065323
W C 1693.0 1043.0 1291.0 1881.0
F 1503.027266 1183.877509 0.746811
E 0.439603 29.266467 20.048527 0.129927
W C 1693.0 1043.0 1291.0 1881.0
F 1532.985487 1214.220429 0.735110
E 0.323241 28.418830 20.295901 0.145085
W C 1693.0 1043.0 1291.0 1881.0
F 1529.228987 1214.662623 0.725470
E 0.283984 25.878729 19.981788 0.117628
W C 1693.0 1043.0 1291.0 1881.0
F 1556.753921 1248.278951 0.779245
E 0.164149 26.032559 19.949545 0.143184
W C 1693.0 1043.0 1291.0 1881.0
F 1583.042122 1285.222122 0.837709
E 0.012566 26.166530 20.104131 0.148703
W C 1693.0 1043.0 1291.0 1881.0
F 1607.151505 1323.633754 0.871757
E -0.135489 26.482114 20.311535 0.148503
W C 1693.0 1043.0 1291.0 1881.0
F 1603.437293 1325.100986 0.889294
E -0.284542 24.750543 19.758126 0.124007
W C 1291.0 1881.0
F 1626.786550 1367.576176 1.024414
E -0.305663 25.688123 21.043097 0.164820
W C 1291.0 1881.0
F 1645.973199 1414.059267 1.153830
E -0.413419 26.718908 21.726762 0.173934
W C 1291.0 1881.0
F 1660.657497 1460.274825 1.251325
E -0.494405 27.749452 21.772760 0.170305
W C 1291.0 1881.0
F 1669.402058 1504.701325 1.335635
E -0.513486 28.647573 21.482478 0.162132
W C 1291.0 1881.0
F 1666.626776 1506.379149 1.340827
E -0.587814 28.155495 19.717750 0.131608
W C 1291.0 1881.0
F 1672.077966 1551.332560 1.359055
E -0.629917 29.007604 22.074820 0.113085
W C 1291.0 1881.0
F 1676.580234 1595.981452 1.373922
E -0.703771 30.193104 23.859421 0.100555
W C 1291.0 1881.0
F 1678.093051 1641.781799 1.455782
E -0.715961 31.341547 24.158070 0.142351
W C 1291.0 1881.0
F 1680.995612 1692.416208 1.494776
E -0.677535 32.336382 24.047370 0.154817
W C 1291.0 1881.0
F 1680.852233 1696.671686 1.467246
E -0.685046 31.931817 22.369960 0.128593
W C 1291.0 1881.0
F 1681.028797 1747.277669 1.522375
E -0.664003 32.727696 22.922490 0.154241
W C 1291.0 1881.0
F 1678.986004 1798.219762 1.572154
E -0.598149 33.695561 23.030039 0.160171
W C 1291.0 1881.0
F 1677.015080 1847.371695 1.620129
E -0.550439 34.652407 22.083376 0.137544
W C 1291.0 1881.0 383.0 1458.0
F 1675.763456 1851.591670 1.595574
E -0.546500 34.196606 20.852558 0.120156
W C 1291.0 1881.0
F 1670.480364 1903.561965 1.628171
E -0.504786 35.308740 21.806064 0.155146
W C 1291.0 1881.0
F 1663.031293 1947.329747 1.722739
E -0.435960 37.244984 26.708395 0.226033
W C
F 1651.125433 1991.367937 1.819559
E -0.113209 40.697952 32.677557 0.282077
W C
F 1635.588607 2032.585916 1.914126
E 0.291324 48.420587 36.369047 0.325996
W C
F 1633.570613 2026.980781 1.965267
E -0.186161 42.813481 29.338951 0.199205
W C 383.0 1458.0
F 1614.436870 2064.648453 2.072951
E -0.174096 44.659469 29.044559 0.180151
W C 383.0 1458.0
F 1593.627610 2103.650873 2.154398
E -0.148603 46.037206 29.363353 0.175456
W C 383.0 1458.0
F 1570.153575 2140.214156 2.234282
E -0.117825 46.959881 29.811909 0.173193
W C 383.0 1458.0
F 1573.723241 2139.314692 2.242490
E -0.138666 46.132112 27.902578 0.142412
W C 383.0 1458.0
F 1546.248366 2171.355908 2.337242
E -0.123578 46.630235 28.973414 0.164077
W C 383.0 1458.0
F 1515.524627 2200.625551 2.432441
E -0.094902 46.933889 29.873400 0.169883
W C 383.0 1458.0
F 1482.726754 2229.012385 2.508943
E -0.060077 47.141506 30.685073 0.170975
W C 383.0 1458.0
F 1448.423075 2254.635467 2.583028
E -0.023601 47.248546 31.388674 0.170556
W C 383.0 1458.0
F 1451.753205 2254.327568 2.591017
E -0.023365 46.358931 29.756257 0.140513
W C 383.0 1458.0
F 1415.469547 2274.462091 2.664113
E -0.008920 46.408981 30.679483 0.158827
W C 383.0 1458.0
F 1379.346240 2291.762855 2.696058
E 0.019765 46.251443 31.513972 0.161238
W C 383.0 1458.0
F 1342.219814 2309.325549 2.712798
E 0.047634 46.644188 32.275426 0.134410
W C 383.0 1458.0
F 1344.814956 2309.273273 2.717379
E 0.034462 45.861517 30.884744 0.117922
W C 383.0 1458.0
F 1306.314154 2327.918056 2.718897
E 0.051582 46.519146 31.609339 0.106126
W C 383.0 1458.0
F 1268.393591 2345.942587 2.730625
E 0.070207 46.801175 32.337718 0.144240
W C 383.0 1458.0
F 1230.014302 2363.930471 2.736826
E 0.099127 46.766338 32.993232 0.156550
W C 383.0 1458.0
F 1191.506548 2381.827543 2.744060
E 0.127057 47.266899 33.594916 0.131841
W C 383.0 1458.0
F 1193.254887 2383.149844 2.740655
E 0.110698 46.509603 32.236712 0.116366
W C 383.0 1458.0
F 1150.973369 2401.004720 2.797985
E 0.124156 46.880571 32.916383 0.155341
W C 383.0 1458.0
F 1108.562361 2416.651202 2.855486
E 0.151861 46.902473 33.504955 0.166061
W C 383.0 1458.0
F 1065.067509 2429.036744 2.925967
E 0.188856 46.879260 34.094929 0.169965
W C 383.0 1458.0
F 1066.899764 2430.163206 2.926283
E 0.196024 46.008023 32.711150 0.140339
W C 383.0 1458.0
F 1023.784751 2435.394105 3.025767
E 0.207957 46.160785 33.316981 0.162969
W C 383.0 1458.0
F 981.156920 2438.580928 3.087339
E 0.238119 46.001076 33.908572 0.164673
W C 383.0 1458.0
F 940.585990 2438.923600 3.119158
E 0.277373 45.781696 34.452694 0.162707
W C 383.0 1458.0
F 899.127724 2439.413236 3.139239
E 0.321858 45.606722 34.909066 0.161652
W C 383.0 1458.0
F 900.748424 2440.131716 3.143515
E 0.329322 44.780003 33.592240 0.135386
W C 383.0 1458.0
F 857.435670 2441.217239 3.143541
E 0.353765 45.635873 33.973659 0.118691
W C 383.0 1458.0
F 814.962663 2441.794163 3.151022
E 0.378444 45.856620 34.391487 0.148235
W C 383.0 1458.0
F 772.441628 2442.138489 -3.121176
E 0.413855 45.813023 34.790933 0.157662
W C 383.0 1458.0
F 772.760031 2443.773181 -3.127865
E 0.416861 45.014811 33.573473 0.133276
W C 383.0 1458.0
F 728.759898 2444.328127 -3.126021
E 0.434286 45.136754 33.992499 0.154053
W C 383.0 1458.0
F 685.523189 2444.996767 -3.126610
E 0.463719 45.969546 34.354212 0.130779
W C 383.0 1458.0
F 642.099613 2445.157437 -3.120266
E 0.501337 46.286939 34.715036 0.152436
W C 383.0 1458.0
F 642.902150 2446.509664 -3.121723
E 0.497265 45.570369 33.458171 0.130405
W C 383.0 1458.0
F 598.553385 2447.127944 -3.124418
E 0.515454 46.713071 33.789709 0.115961
W C 383.0 1458.0
F 555.269374 2447.362859 -3.120755
E 0.542699 47.178934 34.181459 0.148239
W C 383.0 1458.0
F 511.740503 2447.504517 -3.114856
E 0.583563 47.442533 34.540060 0.158764
W C 383.0 1458.0
F 470.708866 2447.082925 -3.105261
E 0.630235 47.696298 34.746290 0.160734
W C 383.0 1458.0
F 464.872776 2448.697757 -3.106661
E 0.630441 47.103871 33.547689 0.136774
W C 383.0 1458.0
F 464.855616 2450.702710 -3.114978
E 0.615275 46.486114 32.632269 0.121141
W C 383.0 1458.0
F 465.062297 2452.194974 -3.119673
E 0.598222 45.919157 31.982405 0.110310
W C 383.0 1458.0
F 465.324748 2453.424439 -3.122913
E 0.580392 45.396721 31.473068 0.102261
W C 383.0 1458.0
F 465.559996 2454.378257 -3.125213
E 0.562276 44.914234 31.046767 0.095993
W C 383.0 1458.0
F 465.891974 2455.401965 -3.127137
E 0.544136 44.467940 30.673422 0.090945
W C 383.0 1458.0
F 466.229991 2456.346359 -3.128695
E 0.526129 44.054557 30.335922 0.086773
W C 383.0 1458.0
F 466.553938 2457.198083 -3.129971
E 0.508363 43.671209 30.023820 0.083255
W C 383.0 1458.0
