F 1824.839883 1880.660829 3.717551
E 0.000000 100.000000 100.000000 0.174533
F 1824.839883 1880.660829 3.717551
E 0.000000 100.000000 100.000000 0.174533
F 1824.839883 1880.660829 3.717551
E 0.000000 100.000000 100.000000 0.174533
F 1824.839883 1880.660829 3.717551
E 0.000000 100.000000 100.000000 0.174533
F 1824.839883 1880.660829 3.717551
E 0.000000 100.000000 100.000000 0.174533
F 1824.839883 1880.660829 3.717551
E 0.000000 100.000000 100.000000 0.174533
F 1824.839883 1880.660829 3.717551
E 0.000000 100.000000 100.000000 0.174533
F 1824.839883 1880.660829 3.717551
E 0.000000 100.000000 100.000000 0.174533
F 1824.839883 1880.660829 3.717551
E 0.000000 100.000000 100.000000 0.174533
F 1824.839883 1880.660829 3.717551
E 0.000000 100.000000 100.000000 0.174533
F 1824.839883 1880.660829 3.717551
E 0.000000 100.000000 100.000000 0.174533
F 1824.839883 1880.660829 3.717551
E 0.000000 100.000000 100.000000 0.174533
F 1824.839883 1880.660829 3.717551
E 0.000000 100.000000 100.000000 0.174533
F 1804.058465 1867.165218 3.717551
E 0.750362 100.221142 100.092392 0.174533
F 1766.886069 1843.025182 3.717551
E 2.600252 100.682256 101.065333 0.174533
F 1729.210438 1818.699084 -2.567886
E -2.508390 101.598105 102.041692 0.225777
F 1691.397536 1794.263968 -2.567886
E -2.443257 102.360278 104.315250 0.225777
F 1691.397536 1794.263968 -2.567886
E -2.443257 102.360278 104.315250 0.225777
F 1653.877757 1770.018271 -2.567886
E -2.464132 103.114530 107.466338 0.225777
F 1616.275577 1745.578789 -2.565634
E -2.447684 103.641249 111.529643 0.267374
F 1578.599946 1721.252690 -2.567886
E -2.429629 104.098213 116.748392 0.303320
F 1540.997766 1696.813207 -2.565634
E -2.418161 104.488796 123.308956 0.335435
F 1540.997766 1696.813207 -2.565634
E -2.418161 104.488796 123.308956 0.335435
F 1503.322134 1672.487109 -2.567886
E -2.412737 104.822788 131.316818 0.364733
F 1465.719954 1648.047626 -2.565634
E -2.411588 105.112402 140.809728 0.391847
F 1465.719954 1648.047626 -2.565634
E -2.411588 105.112402 140.809728 0.391847
F 1428.044322 1623.721527 -2.567886
E -2.413200 105.367473 151.773938 0.417202
F 1390.442142 1599.282045 -2.565634
E -2.416493 105.596761 164.160830 0.441102
F 1352.766511 1574.955946 -2.567886
E -2.420748 105.806092 177.901488 0.463772
F 1315.164331 1550.516463 -2.565634
E -2.425501 106.000706 192.917981 0.485385
F 1277.488699 1526.190365 -2.567886
E -2.430455 106.183651 209.131011 0.506075
F 1277.488699 1526.190365 -2.567886
E -2.430455 106.183651 209.131011 0.506075
F 1239.886519 1501.750882 -2.565634
E -2.435427 106.358062 226.464575 0.525952
F 1202.210887 1477.424783 -2.567886
E -2.440304 106.525422 244.848363 0.545105
F 1164.397986 1452.989667 -2.567886
E -2.446100 106.929914 264.257378 0.545105
F 1164.397986 1452.989667 -2.567886
E -2.446100 106.929914 264.257378 0.545105
F 1126.878207 1428.743971 -2.567886
E -2.452203 107.384384 284.277588 0.545105
F 1089.276027 1404.304488 -2.565634
E -2.457498 107.663361 305.023947 0.563607
F 1051.600395 1379.978390 -2.567886
E -2.462089 107.921887 326.416005 0.581521
F 1013.787493 1355.543274 -2.567886
E -2.466771 108.392152 348.512914 0.581521
F 1013.787493 1355.543274 -2.567886
E -2.466771 108.392152 348.512914 0.581521
F 976.267715 1331.297577 -2.567886
E -2.471357 108.891054 370.951849 0.581521
F 938.665535 1306.858094 -2.565634
E -2.475319 109.211289 393.928625 0.598900
F 900.989903 1282.531996 -2.567886
E -2.478768 109.508248 417.374953 0.615788
F 900.989903 1282.531996 -2.567886
E -2.478768 109.508248 417.374953 0.615788
F 863.387723 1258.092513 -2.565634
E -2.481818 109.785943 441.308651 0.632225
F 825.712092 1233.766415 -2.567886
E -2.484555 110.046682 465.742543 0.648245
F 787.899190 1209.331299 -2.567886
E -2.487368 110.505334 490.766878 0.648245
F 749.793165 1184.706763 -2.567886
E -2.490195 111.006769 516.420020 0.648245
F 749.793165 1184.706763 -2.567886
E -2.490195 111.006769 516.420020 0.648245
F 712.190984 1160.267280 -2.565634
E -2.492665 111.315286 542.160895 0.663879
F 674.515353 1135.941182 -2.567886
E -2.494883 111.605280 568.299170 0.679153
F 636.913173 1111.501699 -2.565634
E -2.496895 111.879514 594.851414 0.694091
F 636.913173 1111.501699 -2.565634
E -2.496895 111.879514 594.851414 0.694091
F 599.237541 1087.175600 -2.567886
E -2.498737 112.139407 621.830625 0.708715
F 561.635361 1062.736118 -2.565634
E -2.500437 112.387034 649.246862 0.723042
F 523.959730 1038.410019 -2.567886
E -2.502017 112.623282 677.107758 0.737091
F 523.959730 1038.410019 -2.567886
E -2.502017 112.623282 677.107758 0.737091
F 486.357549 1013.970536 -2.565634
E -2.503494 112.849800 705.418936 0.750878
F 448.681918 989.644438 -2.567886
E -2.504883 113.067135 734.184353 0.764416
F 411.468703 964.613114 -2.552124
E -2.505929 113.318054 763.417406 0.777840
F 377.464078 935.793039 -2.455305
E -2.504750 114.060444 792.907338 0.795330
F 377.464078 935.793039 -2.455305
E -2.504750 114.060444 792.907338 0.795330
F 345.934246 903.554975 -2.360737
E -2.499991 115.404873 823.079204 0.812531
F 317.797051 868.535463 -2.263918
E -2.491977 117.473642 853.227811 0.829482
F 293.185236 831.166998 -2.169350
E -2.480997 120.410398 883.125083 0.845800
F 272.211979 791.641487 -2.074782
E -2.467312 124.409018 912.685149 0.861809
F 272.211979 791.641487 -2.074782
E -2.467312 124.409018 912.685149 0.861809
F 255.248932 750.420542 -1.977963
E -2.451184 129.650323 941.582655 0.877627
F 242.105103 707.099556 -1.881144
E -2.432463 136.432827 970.174267 0.893523
F 233.481608 663.721759 -1.784324
E -2.412094 144.597611 997.181439 0.908616
F 228.743114 619.056427 -1.692008
E -2.389538 154.496040 1023.554905 0.923445
F 228.743114 619.056427 -1.692008
E -2.389538 154.496040 1023.554905 0.923445
F 232.601956 573.423669 -1.514131
E -2.364058 166.980355 1048.168090 0.947957
F 245.011497 530.378809 -1.322744
E -0.765220 1068.470080 182.069407 0.973361
F 264.504218 490.859466 -1.144866
E -0.735173 1084.222076 199.627862 0.995848
F 264.504218 490.859466 -1.144866
E -0.735173 1084.222076 199.627862 0.995848
F 288.159467 457.105933 -0.994008
E -0.705550 1095.178214 218.175045 1.013233
F 317.427953 426.609017 -0.838647
E -0.674241 1102.638445 238.968076 1.031278
F 350.261202 401.142756 -0.692292
E -0.642991 1106.187723 260.844847 1.047717
F 350.261202 401.142756 -0.692292
E -0.642991 1106.187723 260.844847 1.047717
F 386.376212 380.934259 -0.543686
E -0.611878 1105.975401 283.694956 1.064076
F 424.186138 365.991915 -0.408589
E -0.581727 1102.221552 306.874185 1.078531
F 465.627837 356.799706 -0.250976
E -0.551308 1094.535048 331.421606 1.095821
F 507.257582 353.891897 -0.102369
E -0.523155 1083.157228 355.515721 1.111605
F 507.257582 353.891897 -0.102369
E -0.523155 1083.157228 355.515721 1.111605
F 548.510488 357.189625 0.046237
E -0.497692 1068.415263 378.956560 1.127037
F 589.126481 366.825773 0.199347
E -0.475464 1050.292209 401.642830 1.142855
F 627.871662 382.327448 0.347953
E -0.457809 1029.327412 422.845351 1.157998
F 627.871662 382.327448 0.347953
E -0.457809 1029.327412 422.845351 1.157998
F 669.076894 399.149893 0.381727
E -0.442821 1005.683373 444.777491 1.167066
F 710.651381 415.965789 0.383979
E -0.429459 982.549144 467.734279 1.175821
F 752.276335 432.656368 0.381727
E -0.417561 960.546496 491.977520 1.184512
F 793.409079 449.167749 0.381727
E -0.407724 939.931195 517.302025 1.184512
F 793.409079 449.167749 0.381727
E -0.407724 939.931195 517.302025 1.184512
F 834.983566 465.983644 0.383979
E -0.400609 920.200610 544.093538 1.193140
F 876.726201 482.849077 0.383979
E -0.397524 901.558431 572.200918 1.193140
F 918.792423 499.845251 0.383979
E -0.400400 884.018176 601.637476 1.193140
F 960.417377 516.535830 0.381727
E -0.412353 868.069688 631.596002 1.201706
F 960.417377 516.535830 0.381727
E -0.412353 868.069688 631.596002 1.201706
F 1001.991864 533.351725 0.383979
E -0.439614 853.762441 662.087384 1.210211
F 1043.087327 549.955679 0.383979
E -0.493988 841.785595 692.130188 1.210211
F 1084.829962 566.821113 0.383979
E -0.603171 833.311796 720.993117 1.210211
F 1084.829962 566.821113 0.383979
E -0.603171 833.311796 720.993117 1.210211
F 1126.249011 583.555806 0.383979
E -2.376407 744.150379 832.305777 1.210211
F 1167.991646 600.421240 0.383979
E -2.647930 755.940216 844.670302 1.210211
F 1209.410695 617.155933 0.383979
E -2.848920 756.144989 870.142552 1.210211
F 1251.153330 634.021367 0.383979
E -2.958616 750.592006 903.196645 1.210211
F 1251.153330 634.021367 0.383979
E -2.958616 750.592006 903.196645 1.210211
F 1292.005434 651.668885 0.404243
E -3.014158 742.717343 939.331436 1.218656
F 1331.363589 674.038592 0.501063
E -3.038058 732.517531 977.330895 1.230153
F 1365.683393 703.006920 0.672185
E -3.037102 719.301324 1013.899076 1.247600
F 1365.683393 703.006920 0.672185
E -3.037102 719.301324 1013.899076 1.247600
F 1393.914001 738.234400 0.863572
E -3.017749 702.669521 1047.491036 1.267135
F 1414.488406 774.776068 1.023437
E -2.989284 684.859337 1075.065770 1.281926
F 1429.636490 813.648084 1.167540
E -2.955276 665.682962 1099.014976 1.295047
F 1429.636490 813.648084 1.167540
E -2.955276 665.682962 1099.014976 1.295047
F 1438.765961 853.829071 1.313895
E -2.918173 645.827006 1119.126360 1.308063
F 1442.323410 894.508457 1.451243
E -2.879063 625.641667 1135.476347 1.320085
F 1439.750772 936.160258 1.599850
E -2.837527 604.940692 1148.355735 1.333217
F 1430.216678 972.241164 1.775476
E -2.799204 586.714710 1155.647022 1.347413
F 1430.216678 972.241164 1.775476
E -2.799204 586.714710 1155.647022 1.347413
F 1414.218845 1005.613429 1.960108
E -2.760265 569.263593 1157.989124 1.362295
F 1392.551787 1035.594933 2.140237
E -2.721199 552.961434 1155.425533 1.376550
F 1365.863908 1061.209559 2.320366
E -2.682872 538.310318 1148.227763 1.390659
F 1365.863908 1061.209559 2.320366
E -2.682872 538.310318 1148.227763 1.390659
F 1333.639834 1081.833017 2.516256
E -2.644947 525.360875 1136.120374 1.406604
F 1298.716430 1095.635447 2.707643
E -2.610379 515.125803 1120.001162 1.421703
F 1262.385145 1102.683600 2.892276
E -2.579799 507.507104 1100.749749 1.435815
F 1222.987572 1106.489106 3.013863
E -2.550869 501.634838 1078.065326 1.445329
F 1222.987572 1106.489106 3.013863
E -2.550869 501.634838 1078.065326 1.445329
F 1178.175451 1112.363688 3.011611
E -2.520494 497.077624 1052.862072 1.452518
F 1134.038183 1118.014601 3.013863
E -2.492293 494.943544 1030.386255 1.459454
F 1089.730098 1123.705047 3.013863
E -2.466318 495.787443 1010.027847 1.459454
F 1089.730098 1123.705047 3.013863
E -2.466318 495.787443 1010.027847 1.459454
F 1044.571870 1129.624475 3.011611
E -2.442744 500.160644 991.521716 1.466684
F 1000.088496 1135.320234 3.013863
E -2.423089 508.343749 975.395273 1.473661
F 955.622481 1141.149969 3.011611
E -2.407681 520.638764 961.256070 1.480604
F 955.622481 1141.149969 3.011611
E -2.407681 520.638764 961.256070 1.480604
F 911.673377 1146.894930 3.011611
E -2.397412 536.984756 949.139955 1.480604
F 867.190003 1152.590689 3.013863
E -2.393137 557.526124 938.714791 1.487516
F 822.723988 1158.420424 3.011611
E -2.396498 581.802836 930.176440 1.494395
F 778.240613 1164.116183 3.013863
E -2.409679 609.324348 923.651168 1.501243
F 733.774599 1169.945919 3.011611
E -2.435883 639.382114 919.428315 1.508060
F 733.774599 1169.945919 3.011611
E -2.435883 639.382114 919.428315 1.508060
F 689.133383 1175.781351 3.011611
E -2.479854 671.186448 918.026570 1.508060
F 644.838223 1181.571548 3.011611
E -2.546829 702.882789 920.398877 1.508060
F 600.197007 1187.406980 3.011611
E -2.642904 732.953259 928.133097 1.508060
F 600.197007 1187.406980 3.011611
E -2.642904 732.953259 928.133097 1.508060
F 555.496302 1192.773238 3.020618
E -2.765295 758.492508 943.320132 1.514918
F 510.725219 1189.228780 -3.091445
E -2.891275 774.000298 968.137862 1.529119
F 472.395486 1173.136350 -2.807742
E -2.972585 774.922009 998.808892 1.555020
F 445.677354 1152.411787 -2.573574
E -3.001875 766.827100 1025.871182 1.572303
F 445.677354 1152.411787 -2.573574
E -3.001875 766.827100 1025.871182 1.572303
F 424.105782 1125.462063 -2.334903
E -3.003833 752.887914 1052.215084 1.590072
F 409.807637 1095.426394 -2.107490
E -2.987000 735.822486 1074.340760 1.606110
F 402.731933 1062.361300 -1.873323
E -2.957471 716.267450 1092.181352 1.622849
F 402.731933 1062.361300 -1.873323
E -2.957471 716.267450 1092.181352 1.622849
F 403.813432 1027.833365 -1.630148
E -2.919030 695.250736 1104.605955 1.640587
F 412.492813 995.531002 -1.400484
E -2.877218 675.035304 1110.651516 1.656414
F 428.151944 966.181897 -1.173071
E -2.833788 656.099735 1110.861225 1.671816
F 449.341495 941.494551 -0.954664
E -2.791450 639.508919 1105.757589 1.686012
F 449.341495 941.494551 -0.954664
E -2.791450 639.508919 1105.757589 1.686012
F 475.937988 921.820312 -0.729503
E -2.750270 625.231751 1095.706178 1.700878
F 506.539742 908.379236 -0.504342
E -2.712152 613.825755 1081.322155 1.715683
F 545.925055 889.964688 -0.448052
E -2.667029 602.415212 1060.541489 1.722004
F 545.925055 889.964688 -0.448052
E -2.667029 602.415212 1060.541489 1.722004
F 586.081197 870.793996 -0.445800
E -2.625180 594.532755 1041.405074 1.727858
F 626.387225 851.532332 -0.445800
E -2.587515 591.324167 1024.835015 1.727858
F 667.008144 832.120187 -0.445800
E -2.554218 593.784110 1010.489013 1.727858
F 706.999282 813.009005 -0.445800
E -2.526199 602.419060 998.350608 1.727858
F 706.999282 813.009005 -0.445800
E -2.526199 602.419060 998.350608 1.727858
F 747.620201 793.596860 -0.445800
E -2.502783 617.813962 987.751249 1.727858
F 788.241120 774.184715 -0.445800
E -2.484843 639.856014 978.655913 1.727858
F 828.547148 754.923051 -0.445800
E -2.473255 667.975382 970.934418 1.727858
F 869.168067 735.510906 -0.445800
E -2.469520 702.058133 964.347898 1.727858
F 869.168067 735.510906 -0.445800
E -2.469520 702.058133 964.347898 1.727858
F 911.982647 720.303900 -0.355735
E -2.481817 740.475527 958.537649 1.735748
F 955.589538 709.510057 -0.258916
E -2.528019 779.557944 954.144995 1.743747
F 1000.035624 702.982163 -0.162097
E -2.636382 815.890481 953.997379 1.751710
F 1000.035624 702.982163 -0.162097
E -2.636382 815.890481 953.997379 1.751710
F 1044.721871 700.683714 -0.067529
E -2.826062 842.760259 964.001876 1.759495
F 1089.774285 702.608055 0.027039
E -3.031182 854.373403 989.868392 1.767337
F 1133.909014 708.856013 0.123858
E 3.125186 853.027454 1028.051810 1.775104
F 1133.909014 708.856013 0.123858
E 3.125186 853.027454 1028.051810 1.775104
F 1177.281125 719.946922 0.231936
E 3.068679 844.490437 1072.656225 1.783388
F 1217.832546 739.784383 0.423323
E 3.058191 830.838666 1118.936140 1.797108
F 1253.567477 766.800515 0.614710
E 3.077076 813.212936 1162.695341 1.810637
F 1282.607976 796.786572 0.767819
E 3.109106 794.687152 1200.300612 1.820525
F 1282.607976 796.786572 0.767819
E 3.109106 794.687152 1200.300612 1.820525
F 1306.979093 829.760034 0.902916
E -3.135490 775.696561 1234.114190 1.829090
F 1326.295332 865.342859 1.040265
E -3.093131 756.825022 1264.183938 1.837629
F 1340.577097 904.554110 1.188871
E -3.046203 737.707923 1291.123737 1.847085
F 1353.753596 945.440104 1.247413
E -2.996874 719.249396 1316.513969 1.852887
F 1353.753596 945.440104 1.247413
E -2.996874 719.249396 1316.513969 1.852887
F 1367.949302 987.796562 1.247413
E -2.947715 702.485957 1344.259251 1.852887
F 1382.145009 1030.153020 1.247413
E -2.901351 688.496231 1374.840203 1.852887
F 1396.229811 1072.178568 1.247413
E -2.857677 677.268188 1407.926430 1.852887
F 1396.229811 1072.178568 1.247413
E -2.857677 677.268188 1407.926430 1.852887
F 1410.479546 1115.068916 1.249665
E -2.815199 668.386210 1444.353489 1.858501
F 1424.469687 1157.126071 1.249665
E -2.775368 662.023003 1482.683521 1.858501
F 1438.680146 1199.845543 1.249665
E -2.736685 657.653583 1524.261885 1.858501
F 1452.890604 1242.565015 1.249665
E -2.699735 655.109464 1568.430306 1.858501
F 1452.890604 1242.565015 1.249665
E -2.699735 655.109464 1568.430306 1.858501
F 1466.990904 1284.953329 1.249665
E -2.664756 654.108190 1614.728752 1.858501
F 1477.282345 1329.012937 1.328471
E -2.629685 654.438189 1662.105191 1.865397
F 1483.154670 1373.371243 1.423039
E -2.593834 656.145182 1707.073835 1.872710
F 1483.154670 1373.371243 1.423039
E -2.593834 656.145182 1707.073835 1.872710
F 1484.677281 1417.920013 1.519858
E -2.556840 659.317653 1749.335516 1.880042
F 1481.888078 1463.105060 1.616677
E -2.518124 664.130043 1789.430814 1.887515
F 1474.942556 1506.955569 1.711245
E -2.479209 670.452292 1825.850986 1.894659
F 1474.942556 1506.955569 1.711245
E -2.479209 670.452292 1825.850986 1.894659
F 1460.095795 1549.695566 1.877865
E -2.438215 678.704276 1857.517965 1.905805
F 1437.443669 1588.536603 2.067000
E -2.395716 688.964861 1880.211268 1.918434
F 1410.164513 1621.310378 2.231368
E -0.783444 1893.004847 700.615841 1.928687
F 1380.118161 1650.647970 2.343948
E -0.741979 1899.198815 713.786723 1.935877
F 1380.118161 1650.647970 2.343948
E -0.741979 1899.198815 713.786723 1.935877
F 1348.675733 1682.870077 2.343948
E -0.697027 1904.915879 729.524692 1.935877
F 1317.720784 1714.592616 2.343948
E -0.652411 1913.792062 746.273282 1.935877
F 1283.859447 1744.057595 2.413748
E -0.606916 1923.576826 764.280668 1.942147
F 1247.574459 1769.935887 2.506065
E -0.561329 1930.756644 783.144439 1.949047
F 1247.574459 1769.935887 2.506065
E -0.561329 1930.756644 783.144439 1.949047
F 1208.436946 1792.348262 2.605136
E -0.514743 1934.371537 803.114600 1.956304
F 1167.172174 1810.967785 2.701955
E -0.467512 1934.179067 823.899283 1.963486
F 1124.825732 1825.421934 2.796523
E -0.420354 1930.365287 845.010622 1.970435
F 1124.825732 1825.421934 2.796523
E -0.420354 1930.365287 845.010622 1.970435
F 1081.106203 1835.750087 2.893342
E -0.372523 1922.901628 866.614462 1.977485
F 1037.125319 1841.815506 2.987910
E -0.324745 1911.945694 888.219909 1.984305
F 991.545556 1843.712031 3.084729
E -0.275073 1897.084490 910.533285 1.991468
F 947.562789 1841.297280 -3.103888
E -0.226509 1879.298475 932.043806 1.998162
F 947.562789 1841.297280 -3.103888
E -0.226509 1879.298475 932.043806 1.998162
F 902.961732 1834.651323 -3.009321
E -0.176079 1857.708150 953.896106 2.005070
F 858.894907 1823.529494 -2.910250
E -0.124445 1832.528818 975.598832 2.012204
F 816.406307 1808.425126 -2.815682
E -0.072258 1804.256665 996.685337 2.019065
F 816.406307 1808.425126 -2.815682
E -0.072258 1804.256665 996.685337 2.019065
F 776.067766 1789.459014 -2.718863
E -0.019555 1773.242554 1016.959445 2.025867
F 737.440708 1766.523924 -2.622043
E 0.034900 1738.956965 1036.682831 2.032725
F 700.997703 1739.965865 -2.527476
E 0.091340 1701.777503 1055.653238 2.039517
F 667.775935 1710.513843 -2.432908
E 0.149174 1662.719601 1073.390357 2.046130
F 667.775935 1710.513843 -2.432908
E 0.149174 1662.719601 1073.390357 2.046130
F 636.074174 1678.993992 -2.369863
E 0.211359 1622.132982 1090.334300 2.051854
F 603.850215 1647.803789 -2.372114
E 0.282011 1583.732964 1106.625744 2.056847
F 571.512815 1616.479948 -2.372114
E 0.365342 1550.427891 1121.948202 2.056847
F 571.512815 1616.479948 -2.372114
E 0.365342 1550.427891 1121.948202 2.056847
F 539.426092 1585.398928 -2.372114
E 0.462291 1523.605543 1135.111514 2.056847
F 507.296237 1554.111795 -2.369863
E 0.574345 1504.183568 1144.998723 2.061827
F 475.072279 1522.921592 -2.372114
E 0.698332 1493.734562 1150.297956 2.066796
F 442.484201 1491.354931 -2.372114
E 2.399449 1150.146014 1493.316919 2.066796
F 442.484201 1491.354931 -2.372114
E 2.399449 1150.146014 1493.316919 2.066796
F 413.596205 1456.969822 -2.284301
E 2.524937 1144.498711 1499.472111 2.073205
F 388.659072 1420.659297 -2.189734
E 2.641293 1134.187305 1507.711205 2.079636
F 366.703178 1381.068809 -2.092914
E 2.752599 1119.424331 1517.470171 2.086394
F 366.703178 1381.068809 -2.092914
E 2.752599 1119.424331 1517.470171 2.086394
F 348.649883 1339.746882 -1.998347
E 2.854968 1101.357736 1527.882699 2.093011
F 332.945651 1297.896214 -1.939805
E 2.948144 1080.992315 1539.598632 2.098505
F 316.659888 1256.111215 -1.942056
E 3.032358 1059.152500 1555.544302 2.103387
F 300.626320 1214.602710 -1.939805
E 3.106564 1037.155787 1576.708968 2.108182
F 300.626320 1214.602710 -1.939805
E 3.106564 1037.155787 1576.708968 2.108182
F 284.513547 1172.937784 -1.939805
E -3.110151 1015.507553 1602.553369 2.108182
F 268.227783 1131.152784 -1.942056
E -3.050259 994.767938 1632.735695 2.113042
F 252.067968 1089.318915 -1.939805
E -2.995977 975.419984 1666.691659 2.117890
F 252.067968 1089.318915 -1.939805
E -2.995977 975.419984 1666.691659 2.117890
F 235.529709 1046.883185 -1.942056
E -2.945570 957.448901 1704.737982 2.122879
F 219.449778 1005.579866 -1.942056
E -2.900359 941.710160 1745.071417 2.122879
F 203.289962 963.745997 -1.939805
E -2.857800 927.528395 1788.873025 2.127705
F 203.289962 963.745997 -1.939805
E -2.857800 927.528395 1788.873025 2.127705
F 187.051308 921.755562 -1.939805
E -2.817866 915.044227 1835.737769 2.127705
F 170.765544 879.970563 -1.942056
E -2.780618 904.280535 1885.282459 2.132521
F 154.605729 838.136694 -1.939805
E -2.745592 895.106592 1937.489132 2.137325
F 138.951202 797.978520 -1.942056
E -2.713829 887.682739 1990.063690 2.141753
F 136.678599 791.934828 -1.939805
E -2.709219 886.677031 1998.133866 2.141853
F 136.678599 791.934828 -1.939805
E -2.709219 886.677031 1998.133866 2.141853
F 136.678599 791.934828 -1.939805
E -2.709219 886.677031 1998.133866 2.141853
F 136.678599 791.934828 -1.939805
E -2.709219 886.677031 1998.133866 2.141853
F 136.678599 791.934828 -1.939805
E -2.709219 886.677031 1998.133866 2.141853
F 136.678599 791.934828 -1.939805
E -2.709219 886.677031 1998.133866 2.141853
F 136.678599 791.934828 -1.939805
E -2.709219 886.677031 1998.133866 2.141853
F 136.678599 791.934828 -1.939805
E -2.709219 886.677031 1998.133866 2.141853
